version 1
4	random-32-32-10.map	32	32	29	5	28	14	18.72792206
4	random-32-32-10.map	32	32	23	19	23	27	18.72792206
4	random-32-32-10.map	32	32	15	6	1	20	18.72792206
4	random-32-32-10.map	32	32	19	1	29	29	18.72792206
4	random-32-32-10.map	32	32	1	25	0	30	18.72792206
4	random-32-32-10.map	32	32	18	29	31	0	18.72792206
4	random-32-32-10.map	32	32	1	21	1	23	18.72792206
4	random-32-32-10.map	32	32	22	2	2	27	18.72792206
4	random-32-32-10.map	32	32	30	0	4	17	18.72792206
4	random-32-32-10.map	32	32	16	27	16	19	18.72792206
4	random-32-32-10.map	32	32	20	18	11	18	18.72792206
4	random-32-32-10.map	32	32	7	10	29	18	18.72792206
4	random-32-32-10.map	32	32	29	25	20	14	18.72792206
4	random-32-32-10.map	32	32	6	21	6	19	18.72792206
4	random-32-32-10.map	32	32	30	22	1	11	18.72792206
4	random-32-32-10.map	32	32	12	27	12	5	18.72792206
4	random-32-32-10.map	32	32	12	19	7	28	18.72792206
4	random-32-32-10.map	32	32	1	15	9	0	18.72792206
4	random-32-32-10.map	32	32	27	29	17	19	18.72792206
4	random-32-32-10.map	32	32	19	23	19	23	18.72792206
4	random-32-32-10.map	32	32	8	6	22	30	18.72792206
4	random-32-32-10.map	32	32	19	24	19	30	18.72792206
4	random-32-32-10.map	32	32	2	6	16	30	18.72792206
4	random-32-32-10.map	32	32	19	17	20	20	18.72792206
4	random-32-32-10.map	32	32	12	1	10	7	18.72792206
4	random-32-32-10.map	32	32	18	19	15	23	18.72792206
4	random-32-32-10.map	32	32	15	21	14	23	18.72792206
4	random-32-32-10.map	32	32	20	30	22	6	18.72792206
4	random-32-32-10.map	32	32	4	16	13	27	18.72792206
4	random-32-32-10.map	32	32	8	27	5	1	18.72792206
4	random-32-32-10.map	32	32	25	4	31	30	18.72792206
4	random-32-32-10.map	32	32	14	13	27	2	18.72792206
4	random-32-32-10.map	32	32	28	6	29	24	18.72792206
4	random-32-32-10.map	32	32	1	12	17	30	18.72792206
4	random-32-32-10.map	32	32	12	29	6	0	18.72792206
4	random-32-32-10.map	32	32	21	27	3	16	18.72792206
4	random-32-32-10.map	32	32	21	4	27	3	18.72792206
4	random-32-32-10.map	32	32	28	10	28	13	18.72792206
4	random-32-32-10.map	32	32	18	26	23	22	18.72792206
4	random-32-32-10.map	32	32	23	30	25	2	18.72792206
